0 0.04921875 0.41328125 0.0984375 0.303125
0 0.2359375 0.390625 0.05 0.1796875
0 0.25859375 0.39921875 0.0546875 0.1734375
0 0.32109375 0.43671875 0.0484375 0.1109375
0 0.3625 0.41796875 0.040625 0.16796875
0 0.49296875 0.428125 0.0484375 0.16015625
0 0.51640625 0.42578125 0.0296875 0.1015625
0 0.55078125 0.4296875 0.0421875 0.140625
0 0.5734375 0.44609375 0.040625 0.165625
0 0.596875 0.43359375 0.03125 0.1484375
0 0.63125 0.425 0.0375 0.134375
0 0.6609375 0.45 0.025 0.1
0 0.8296875 0.45703125 0.0625 0.15625
0 0.90078125 0.4390625 0.0234375 0.08203125
0 0.92265625 0.4390625 0.0265625 0.078125
0 0.9421875 0.44609375 0.021875 0.071875
0 0.96875 0.44921875 0.01875 0.07421875
0 0.984375 0.446875 0.01875 0.078125