0 0.05 0.48828125 0.025 0.078125
0 0.0703125 0.4875 0.021875 0.0765625
0 0.134375 0.4875 0.01875 0.0640625
0 0.153125 0.4875 0.021875 0.0640625
0 0.2109375 0.49296875 0.0125 0.0484375
0 0.2234375 0.490625 0.0125 0.046875
0 0.8953125 0.4375 0.028125 0.140625
0 0.8703125 0.44140625 0.034375 0.125
0 0.8359375 0.4390625 0.034375 0.12890625
0 0.81171875 0.446875 0.0265625 0.1015625
0 0.76875 0.45390625 0.025 0.084375
0 0.740625 0.446875 0.021875 0.08984375
0 0.67109375 0.45390625 0.0265625 0.0640625
0 0.7125 0.45390625 0.028125 0.0875
0 0.5734375 0.46796875 0.025 0.071875