0 0.9765625 0.440625 0.046875 0.33125
0 0.88359375 0.48984375 0.09921875 0.52265625
0 0.809375 0.471875 0.0921875 0.50546875
0 0.7140625 0.415625 0.03515625 0.2359375
0 0.69296875 0.42109375 0.03515625 0.225
0 0.65546875 0.4296875 0.0390625 0.196875
0 0.58984375 0.41015625 0.02109375 0.225
0 0.51796875 0.47734375 0.1234375 0.42734375
0 0.50859375 0.4296875 0.03515625 0.253125
0 0.57734375 0.44921875 0.0703125 0.42109375
0 0.434375 0.42421875 0.134375 0.3765625
0 0.41484375 0.4296875 0.08125 0.35390625
0 0.31796875 0.4890625 0.18359375 0.6515625
0 0.27734375 0.496875 0.11640625 0.53359375
0 0.18359375 0.45234375 0.06328125 0.44375
0 0.1359375 0.4546875 0.0671875 0.32578125
0 0.04453125 0.440625 0.07421875 0.275
0 0.05859375 0.4421875 0.04609375 0.25859375
