0 0.540625 0.590625 0.165625 0.3921875
0 0.41328125 0.4796875 0.0546875 0.1265625
0 0.015625 0.44453125 0.021875 0.06875
0 0.03984375 0.43828125 0.0234375 0.025
0 0.06484375 0.43828125 0.0171875 0.025
0 0.08125 0.4390625 0.01875 0.0234375
0 0.09921875 0.44375 0.0140625 0.03125
0 0.85625 0.44609375 0.01875 0.040625
0 0.98203125 0.453125 0.0203125 0.046875
0 0.71640625 0.46484375 0.0328125 0.0703125
0 0.690625 0.46015625 0.015625 0.0640625
0 0.69921875 0.459375 0.0140625 0.06640625
0 0.80078125 0.6484375 0.1453125 0.2734375
