0 0.0296875 0.4296875 0.021875 0.0390625
0 0.04453125 0.44609375 0.0140625 0.040625
0 0.08203125 0.4421875 0.0171875 0.0375
0 0.0984375 0.44375 0.015625 0.03125
0 0.853125 0.446875 0.025 0.04296875
0 0.75625 0.465625 0.03125 0.0765625
0 0.7140625 0.459375 0.015625 0.0703125
0 0.98359375 0.45234375 0.0203125 0.0484375
0 0.68671875 0.45390625 0.0109375 0.0484375
0 0.2953125 0.47578125 0.05625 0.1265625
0 0.159375 0.57890625 0.146875 0.4078125
0 0.44453125 0.6328125 0.1453125 0.26953125
0 0.5390625 0.51875 0.084375 0.19375
0 0.65 0.50390625 0.059375 0.15625
